67 79 28 85 46 70 83 39 19 50 17 19 67 41 64 55 17 42 73 74 64 78 11 66 31 61 48 57 35 43 60 9 42 90 20 13 86 73 47 33 46 52 81 86 98 23 71 32 49 74
14 7 51 20 16 33 86 23 67 52 42 99 92 36 47 62 27 84 93 85 12 77 73 25 47 55 28 11 66 80 56 12 72 71 12 76 54 41 74 37 72 8 59 12 55 66 6 36 57 35
2 69 13 41 56 63 71 63 98 62 2 7 33 60 87 97 20 26 20 33 67 11 44 28 87 50 24 3 84 25 37 32 37 10 8 47 75 91 71 20 34 64 4 5 25 38 6 38 9 17
45 99 54 96 41 83 8 38 87 10 15 28 74 14 15 67 3 74 63 91 79 25 76 43 75 40 90 17 8 56 93 1 2 35 79 1 47 31 65 33 86 11 21 83 18 77 70 3 60 13
60 19 79 21 58 9 46 76 13 50 54 43 63 76 12 96 41 11 9 82 14 77 5 31 50 84 84 62 82 31 37 65 97 83 64 25 10 55 76 25 44 40 56 99 75 16 26 22 7 16
92 22 63 84 59 91 94 43 86 100 71 37 90 54 48 53 17 80 57 91 13 31 43 16 92 28 54 40 32 13 63 47 58 52 47 19 71 16 100 88 50 99 24 37 7 88 70 44 63 30
90 68 76 29 56 76 97 7 40 11 92 74 7 58 56 3 7 92 93 12 71 58 96 75 40 16 82 96 3 100 88 57 57 36 85 23 11 62 71 12 6 71 99 78 40 63 14 56 68 20
40 52 30 67 80 41 83 87 56 49 75 9 43 69 44 93 42 72 22 25 10 69 22 75 47 16 45 31 31 44 82 27 10 60 26 64 47 53 45 92 49 84 65 4 75 6 59 20 5 95
52 33 15 92 34 91 100 20 98 49 18 64 63 96 21 55 75 3 37 73 29 98 82 96 92 7 73 100 68 44 57 16 53 19 52 53 34 38 54 40 93 96 47 47 41 29 44 42 14 66
28 78 47 33 14 92 24 48 5 63 60 56 62 74 15 16 59 74 43 21 65 6 7 17 68 15 79 11 84 92 21 37 85 93 23 39 39 52 77 97 59 73 88 30 40 79 11 32 95 72
70 21 14 13 60 43 48 74 4 39 36 33 35 73 57 20 49 87 22 47 33 100 87 53 20 2 41 35 31 29 25 82 4 8 2 86 17 50 67 78 24 36 30 60 67 53 87 67 75 65
96 2 4 27 7 95 92 97 47 86 18 54 44 21 87 46 46 86 45 15 17 23 58 84 30 96 19 41 83 90 80 47 27 62 20 95 46 43 25 99 96 56 64 33 60 50 93 26 77 59
24 50 58 27 9 40 27 49 12 27 83 31 40 86 10 95 93 83 91 54 69 32 97 96 49 24 58 82 4 85 18 47 82 11 7 32 18 77 19 74 14 57 19 70 54 66 87 8 93 85
52 49 5 38 97 15 94 85 39 37 29 57 13 45 58 28 98 9 40 100 92 22 33 40 33 30 39 30 45 57 61 41 70 93 88 35 96 28 36 30 32 17 44 72 20 65 11 25 44 28
21 42 4 25 3 15 88 25 92 82 99 96 50 99 100 20 85 31 80 25 72 2 15 12 81 84 5 55 31 53 86 36 82 4 32 43 13 1 81 62 25 15 29 8 65 73 38 13 21 80
98 12 8 74 54 79 65 75 1 89 78 24 84 61 91 79 89 52 73 73 25 18 60 71 14 79 28 85 22 19 92 5 32 1 70 17 42 17 81 58 25 93 57 76 45 89 95 13 68 21
66 78 58 34 95 90 89 23 58 27 98 41 49 98 67 29 96 79 29 8 96 67 12 71 68 65 65 68 36 21 90 55 91 54 98 68 66 46 57 83 67 19 88 64 14 57 56 67 43 62
53 44 21 33 6 53 87 58 96 51 85 8 42 92 74 68 17 30 6 7 86 38 89 19 91 45 64 35 36 96 93 38 12 72 51 44 74 19 24 79 12 90 6 16 38 49 75 63 50 17
25 57 68 13 8 60 40 14 98 83 76 28 61 8 27 27 42 57 6 65 92 32 100 100 75 34 94 44 67 42 32 67 64 12 92 57 89 27 85 69 41 75 36 22 36 17 57 39 10 24
37 47 21 77 83 65 23 91 92 79 53 89 32 30 19 7 57 49 19 87 91 14 5 5 26 3 89 38 59 73 59 41 13 43 84 19 68 99 13 87 36 4 96 57 57 29 11 43 30 7
36 72 87 24 98 55 25 72 96 32 13 25 95 78 95 11 79 42 60 65 78 85 82 91 75 81 12 37 52 38 70 48 52 46 10 37 89 50 14 87 63 23 28 8 2 34 81 83 32 70
70 87 27 3 51 28 8 7 42 74 94 63 22 94 84 16 9 15 21 81 4 20 28 72 5 69 85 11 17 79 70 95 27 41 95 92 81 87 13 17 20 89 91 41 40 69 92 90 65 46
29 8 44 8 76 68 38 74 11 92 67 33 38 100 63 61 14 70 87 19 89 2 20 36 56 25 98 9 38 68 57 41 31 26 85 7 47 92 13 39 76 3 53 57 3 50 26 70 40 88
20 10 64 33 10 9 47 92 1 33 25 86 47 60 77 63 2 41 98 80 33 49 65 80 69 28 31 47 84 56 55 58 57 100 48 36 28 90 66 71 93 46 77 26 46 51 49 92 68 34
15 58 72 11 77 80 96 17 29 79 38 4 16 20 19 36 6 96 5 50 19 95 29 89 66 26 79 48 64 94 96 50 90 44 84 68 93 79 11 84 20 48 18 16 30 72 4 10 24 100
88 82 95 82 56 35 77 66 35 17 55 77 7 28 26 46 5 7 84 90 79 13 100 33 57 82 65 94 8 45 19 81 93 79 30 21 27 3 10 84 53 31 15 95 94 99 99 41 19 67
24 61 74 61 34 31 40 41 92 4 89 10 87 92 76 20 72 7 21 68 12 53 59 46 32 22 28 86 4 92 90 98 65 49 1 31 2 85 56 11 41 71 23 88 48 29 79 39 85 5
63 66 100 90 65 86 98 1 4 53 23 26 44 90 45 60 46 97 74 79 82 71 58 51 63 24 29 67 92 13 46 29 21 5 89 93 64 61 76 66 67 16 95 5 60 73 5 91 62 15
19 17 16 70 48 76 89 42 86 4 16 61 14 40 8 82 12 77 19 1 70 82 25 7 81 17 15 51 22 49 54 84 54 33 47 90 2 60 84 2 79 70 7 90 52 45 13 35 61 91
75 62 39 88 70 3 63 5 15 96 26 50 98 23 76 56 70 82 22 5 64 64 90 62 16 65 73 53 97 97 20 78 40 95 55 74 21 70 47 43 3 93 58 27 66 18 32 25 54 60
82 23 94 14 33 14 87 52 33 94 7 91 10 55 62 57 30 3 2 97 42 80 41 32 34 71 27 75 70 58 25 4 19 85 7 51 28 58 71 77 94 75 4 31 61 97 51 96 58 1
28 34 29 38 27 96 19 99 28 58 63 94 50 54 60 24 81 58 100 79 73 16 5 47 57 59 43 81 20 57 99 76 36 96 74 90 24 18 7 16 28 92 66 12 59 5 3 42 36 15
57 15 12 36 69 45 92 58 77 48 23 24 12 23 93 45 99 26 59 78 92 53 24 84 78 36 42 53 59 97 20 50 78 20 23 48 87 8 74 55 62 91 53 16 12 97 94 22 84 69
41 55 37 84 31 31 97 63 58 35 52 65 56 66 87 49 24 30 85 35 89 9 8 26 98 44 11 95 35 2 33 33 90 80 53 83 91 12 45 100 59 30 59 25 18 43 79 20 98 100
94 15 43 67 64 82 98 84 100 62 78 34 3 63 86 63 72 74 29 90 4 77 89 10 37 41 39 20 46 88 71 96 68 61 91 87 48 72 28 58 17 30 47 78 91 33 96 94 57 33
65 58 45 64 32 70 95 35 91 36 55 10 40 8 99 81 79 24 37 35 8 54 41 53 69 78 30 26 64 80 93 4 96 92 10 14 31 77 100 94 42 99 24 92 93 69 60 35 75 66
94 96 72 28 53 46 98 33 36 57 21 87 76 70 49 59 68 27 39 98 32 54 3 91 31 30 55 21 72 95 37 67 79 92 39 20 40 31 74 98 20 42 100 13 26 68 90 26 30 65
42 58 12 6 40 100 64 93 53 57 28 19 93 19 53 38 80 22 52 6 17 3 72 63 65 87 22 30 68 65 27 63 64 73 100 50 99 45 37 71 73 70 72 16 23 97 56 86 5 82
65 8 60 12 54 14 70 48 85 36 67 90 81 92 61 98 6 49 47 92 31 36 94 43 21 65 54 95 85 19 42 77 45 81 43 46 9 13 78 10 73 28 49 85 94 8 78 34 70 82
79 78 37 12 18 19 87 89 95 65 84 28 77 69 68 85 11 20 3 85 76 28 59 45 14 39 56 44 65 6 98 91 24 40 55 70 4 19 91 70 96 58 72 98 56 58 26 36 16 45
13 64 31 55 87 39 22 71 94 6 11 61 26 97 5 34 47 36 64 3 16 3 20 39 21 15 11 80 67 94 82 64 83 22 12 23 18 25 39 34 73 89 65 74 72 78 17 16 42 33
69 20 6 17 62 15 92 57 38 49 7 83 87 2 47 55 58 51 67 63 60 43 34 53 57 12 73 93 89 60 84 4 21 35 92 80 99 41 34 49 7 64 53 53 79 3 98 64 100 8
90 25 75 64 94 1 14 75 35 6 94 49 70 80 76 69 90 8 66 46 51 17 82 33 20 63 97 62 98 58 3 94 81 18 87 82 79 23 44 11 44 42 41 66 43 8 49 11 35 38
60 98 36 8 66 28 39 26 24 24 85 24 71 12 8 24 54 69 15 21 20 35 93 26 79 27 63 89 89 92 86 20 14 67 97 2 53 37 61 83 78 78 85 23 65 9 80 48 68 23
70 62 58 10 69 29 15 62 66 66 85 44 13 77 89 83 43 19 88 51 96 99 6 27 45 24 67 87 30 87 23 26 4 32 49 52 91 1 6 34 24 43 87 40 90 65 45 69 92 90
87 98 54 70 53 5 46 35 36 61 81 55 11 43 20 22 1 57 55 94 36 6 31 87 80 13 59 49 90 75 75 68 26 44 90 56 31 80 61 53 96 98 67 80 54 73 30 91 22 29
7 3 39 72 8 47 84 29 46 32 25 59 10 34 49 30 68 90 74 1 96 23 89 4 10 31 28 34 56 47 64 95 28 55 78 58 36 8 70 92 71 76 55 68 3 68 15 71 28 92
67 7 100 25 84 28 73 30 99 4 64 96 34 66 8 80 63 57 16 7 74 95 95 23 88 78 2 41 3 5 42 6 96 94 74 52 40 18 5 5 47 14 63 54 37 57 21 37 29 3
72 92 65 59 22 58 99 78 12 26 64 8 80 58 88 77 15 37 97 17 74 4 12 96 20 61 37 5 48 18 23 94 80 54 59 7 16 53 38 2 10 68 23 98 47 67 73 81 42 75
24 3 17 82 100 59 95 22 98 52 19 72 11 85 75 98 39 65 52 42 37 96 15 47 51 66 34 85 68 76 4 13 11 51 40 24 52 34 82 38 67 44 55 9 1 29 78 25 86 35